1.907189 1.098877 -0.815226
1.905861 1.094802 -0.704195
1.905824 1.097018 -0.471638
1.910644 1.095866 -0.240395
1.907143 1.092252 -0.009704
1.887428 0.98048 -0.003545
1.863395 0.867434 -0.820863
1.842128 0.754073 -0.815313
1.84631 0.749642 -0.01232
1.823979 0.640588 -0.819843
1.807974 0.523633 -0.009742
1.781712 0.415692 -0.817369
1.791963 0.408518 -0.010068
1.77035 0.294271 -0.008741
1.745549 0.180993 -0.817976
1.728741 0.070057 -0.821317
1.725276 0.07062 -0.587927
1.725783 0.068409 -0.355442
1.723995 0.06753 -0.124219
1.72243 0.065363 -0.009453




