-1.601290000000000102e+00 7.837909999999999322e-02 6.411442779755690546e-01 -1.711945309064050180e-01
-1.407270000000000021e+00 7.565520000000000023e-01 5.005322247444969896e-01 -4.099095854668800554e-01
-1.084260000000000002e+00 1.168849999999999945e+00 6.625779506476774383e-01 -4.020905105877783381e-01
-5.848839999999999595e-01 1.060323588494650915e+00 6.865689518788231638e-01 -1.095432342408985793e+00
-1.553509999999999891e-01 1.007766974120994918e+00 6.535685736679833768e-01 -1.243459541988185313e+00
5.808579999999999854e-01 1.053379114113110582e+00 8.897156905640987157e-01 -2.088600584953006933e+00
1.146320000000000006e+00 1.162464173452366412e+00 5.330147930848470050e-01 -2.582040685581865169e+00
1.660039999999999960e+00 1.022289999999999921e+00 6.096911515916908497e-01 -2.459968901589669077e+00
1.839550000000000018e+00 5.515809999999999880e-01 5.980915039824779011e-01 -3.045202239376879838e+00
1.905289999999999928e+00 6.696100000000000663e-02 5.419468849342550243e-01 -3.115946834742646665e+00
1.867539999999999978e+00 -5.853169999999999762e-01 5.829530952407273592e-01 2.930603461257879960e+00
1.411159999999999970e+00 -9.422500000000000320e-01 5.169302575335148475e-01 2.424017134307661081e+00
8.273009999999999531e-01 -1.065269999999999939e+00 9.442276388282098143e-01 2.135432671215476752e+00
-5.143969999999999931e-01 -1.045918178957167433e+00 6.932258451288890733e-01 1.247026078515565350e+00
-1.337779999999999969e+00 -1.161340000000000039e+00 1.066664087255784654e+00 6.529540889222328337e-01
-1.631539999999999990e+00 -3.789199999999999791e-01 8.468300835967091933e-01 2.431648692629354847e-01
-1.387110000000000065e+00 3.380429999999999824e-01 1.106681811319860431e+00 -2.836043029388110037e-01
-1.323620000000000019e+00 1.197119999999999962e+00 6.895201656867508966e-01 -7.688314724902809427e-01
-6.101689999999999614e-01 1.187256876188179211e+00 1.278249626211975354e+00 -9.625516158931386457e-01
-3.306589999999999807e-01 1.015916698057390821e+00 7.455971449483503877e-01 -1.011221163372087561e+00
-2.642579999999999929e-01 1.137552351499360404e+00 5.786262658119196711e-01 -1.427244121223845585e+00
8.274620000000000308e-01 1.144184489896565848e+00 1.239108968303964886e+00 -2.383898502787820117e+00
1.194420000000000037e+00 1.059839040703543844e+00 6.398508809542327036e-01 -2.492269260329270875e+00
2.030339999999999812e+00 6.716619999999999813e-01 1.106710487670948373e+00 -2.890416836156353142e+00
2.228920000000000012e+00 1.062680000000000048e-02 6.543550264996913501e-01 -2.848964993708462679e+00
1.715449999999999919e+00 -8.801839999999999664e-01 5.658498637958414568e-01 2.987165669161532033e+00
9.944420000000000481e-01 -1.067660000000000053e+00 1.178057151198706354e+00 2.332024838342239725e+00
8.672400000000000109e-01 -1.067609999999999948e+00 5.628175139315116926e-01 2.329686931810512007e+00
-2.833820000000000228e-01 -1.091387052786334966e+00 9.128210678172876680e-01 1.428961247903024701e+00
-1.432120000000000060e+00 -1.125939999999999941e+00 8.410637840890807793e-01 7.479025823145043494e-01
-2.097700000000000120e+00 -2.772910000000000097e-01 1.242024323748786019e+00 -6.139624451941946837e-02
